Time 	mean_delta_inf 	mean_S_exp_offspring 	mean_S_real_offspring 	mean_mean_real_transmission 
2000 	0.0040451107537534297 	0.0040434278188489986 	0.0040454622277388734 	-3.5147398608125705e-07 
4000 	0.0031508187343906001 	0.0031335722357223035 	0.0031517639051547907 	-9.4517076288217211e-07 
6000 	0.0024587721759211137 	0.0024729994563162639 	0.0024606387570983742 	-1.8665811776246113e-06 
8000 	0.0020871081844258265 	0.0020832694051437484 	0.0020860826767768017 	1.0255076485074511e-06 
10000 	0.002191899716003629 	0.0021671147715323527 	0.0021913279603438308 	5.7175566063952106e-07 
12000 	0.0022821389633415519 	0.0022729320978179968 	0.0022854285774415802 	-3.289614100162121e-06 
14000 	0.0019552111430445329 	0.0019888715993462069 	0.0019544343984317404 	7.7674461208297541e-07 
16000 	0.0019209435652661959 	0.001945860192273782 	0.0019214910007035308 	-5.4743543714443357e-07 
18000 	0.0020034823865487539 	0.0019757635697159053 	0.0020026649405355122 	8.1744601176741549e-07 
20000 	0.0014328518053343905 	0.0014189265889508358 	0.0014317589901510872 	1.0928151852283208e-06 
22000 	0.0017237724775228821 	0.0017071368040308054 	0.0017248391608751319 	-1.0666833533338343e-06 
24000 	0.0012709774311612917 	0.0012626887421481471 	0.0012698465112745713 	1.1309198875932632e-06 
26000 	0.0016164854082892078 	0.0015758238183615392 	0.001613498495551089 	2.9869127384129425e-06 
28000 	0.0012776919239511279 	0.0013542483288714604 	0.0012780200583734028 	-3.2813442348022821e-07 
30000 	0.0011101270319714054 	0.0010739534256791856 	0.0011092302900740792 	8.9674189807131178e-07 
32000 	0.00097940489082437663 	0.00093586944321529539 	0.00097918599125461966 	2.1889956983258413e-07 
34000 	0.0007598565393708228 	0.00077493526575632562 	0.00075656786275657764 	3.2886766172226927e-06 
36000 	0.00095860460566638038 	0.00096588284180001559 	0.00096079259640785022 	-2.1879907446626601e-06 
38000 	0.0010272647550611397 	0.0010277400612747612 	0.0010274775996777425 	-2.1284461691051426e-07 
40000 	0.00093853754442223194 	0.00089556183886137794 	0.00093871005241727542 	-1.7250799389467948e-07 
42000 	0.0010221219409062953 	0.0010432249779213022 	0.0010255658262266017 	-3.4438853215084055e-06 
44000 	0.0010554534546302677 	0.0011018132233511981 	0.0010522414422505563 	3.2120123798546774e-06 
46000 	0.00091876415860110683 	0.00098786831550858522 	0.00091740097364915421 	1.363184953907057e-06 
48000 	0.00083102462898734331 	0.0008000677277048789 	0.00083023901896779324 	7.8561002153310144e-07 
50000 	0.00069423923805926081 	0.0007473020700132486 	0.00069250511206441867 	1.7341259908798621e-06 
52000 	0.00065119827870759647 	0.00066266238834212881 	0.0006500703811096756 	1.1278975997031048e-06 
54000 	0.0008375215115557069 	0.00076754733305220782 	0.00084149377388627734 	-3.9722623304624423e-06 
56000 	0.00093207026807361616 	0.00086422436234851504 	0.00092920065037195641 	2.8696177046113319e-06 
58000 	0.00084484951351674199 	0.00079965483856917852 	0.00084499665642353324 	-1.4714291020007098e-07 
60000 	0.00084564181346126336 	0.00078355227006083586 	0.00084889865173259514 	-3.2568382724724091e-06 
62000 	0.000845212741258031 	0.0008075642837511893 	0.00084258454000092999 	2.6282012571081931e-06 
64000 	0.00084249513480867937 	0.00081053050174360267 	0.00084121344167263168 	1.2816931367217441e-06 
66000 	0.00096285261953475752 	0.00085696847081923955 	0.0009666930331551721 	-3.840413620783411e-06 
68000 	0.00060422167732665597 	0.00057860611155464005 	0.00060518249013991033 	-9.6081281405709328e-07 
70000 	0.0006129710320882893 	0.00074783232940076852 	0.00060994074380334726 	3.0302882861551278e-06 
72000 	0.00074928549846858057 	0.00069402561019412821 	0.00074776966109781171 	1.5158373701372477e-06 
74000 	0.00067617774477319161 	0.00062952975173334992 	0.00067060004640362176 	5.5776983705461624e-06 
76000 	0.00069353350753642931 	0.00081456284860993234 	0.00069346621123078547 	6.7296301734457745e-08 
78000 	0.001103219138891184 	0.0011109409549956569 	0.001104733804125902 	-1.5146652342314767e-06 
80000 	0.00089491450298471162 	0.00078439776051324975 	0.00089720585559199101 	-2.2913526050273584e-06 
82000 	0.00063619051472159783 	0.00052623993719591936 	0.00063727811514972777 	-1.0876004273930387e-06 
84000 	0.00051372706847109843 	0.00057459731619166198 	0.00051382328000132698 	-9.6211530394134228e-08 
86000 	0.00058606716969959651 	0.00048977037709931808 	0.00058478094097926133 	1.2862287197393854e-06 
88000 	0.00052500143655957743 	0.00060448628786387152 	0.0005181002044028079 	6.9012321571292256e-06 
90000 	0.00059728333981473722 	0.00047305528565937046 	0.0005964663596707509 	8.1698014449464421e-07 
92000 	0.0003551784074407678 	0.00051478661538136993 	0.00035650162841990005 	-1.3232209794988565e-06 
94000 	0.00043208948025755234 	0.00067520878782799301 	0.00042587878848364142 	6.2106917735881596e-06 
96000 	0.00088139627057881858 	0.00084391340755475531 	0.00088443252049859398 	-3.0362499196265369e-06 
98000 	0.0010889452410842396 	0.0011980187331419839 	0.001088350199840468 	5.9504124409293563e-07 
100000 	0.00086777787624397009 	0.00079278559463651858 	0.00086798368753507771 	-2.0581129132301039e-07 
102000 	0.00075844062119091401 	0.00076959954946175413 	0.00075753175057268851 	9.0887061689779248e-07 
104000 	0.00056422937191430119 	0.0006992253211460383 	0.00056002126399564594 	4.2081079113631205e-06 
106000 	0.0011590481110041254 	0.0008751345939412811 	0.001161144889765095 	-2.096778752855491e-06 
108000 	0.00054546639557397471 	0.00064998344694023398 	0.00054770767703614495 	-2.2412814525630691e-06 
110000 	0.00078755399778595604 	0.00095388482258974437 	0.00078848984272848798 	-9.3584494934927753e-07 
112000 	0.00085269447335592475 	0.00071973205144472538 	0.00085062887972614455 	2.0655936273559377e-06 
114000 	0.00034990968463054629 	0.00030920802200570997 	0.00034500518305368328 	4.9045015772204339e-06 
116000 	0.00036276040400834122 	0.00058889446066818444 	0.00036382480243875076 	-1.0643984301884362e-06 
118000 	0.00046938260818694743 	0.00033046423289128627 	0.00046854313830869943 	8.3946987739399829e-07 
120000 	0.00053240217777756986 	0.00044593641739415989 	0.00053009900842773444 	2.3031693491293152e-06 
122000 	0.00046054211971872407 	0.00042468423267128625 	0.00045901722903366252 	1.5248906852759978e-06 
124000 	0.00045233057816101052 	0.00031922183821105955 	0.00045031199730735677 	2.018580854022378e-06 
126000 	0.00068387187603035217 	0.00073993734416038875 	0.00068328148166510927 	5.9039436560744119e-07 
128000 	0.00048820565545764792 	0.00063133677870323343 	0.00049205694621228663 	-3.8512907573341978e-06 
130000 	0.0003813444411989053 	0.00050505780398766816 	0.00037948978786806788 	1.8546533331887541e-06 
132000 	0.00093756256343077379 	0.00064692425464197212 	0.00094093905980379854 	-3.3764963725547428e-06 
134000 	0.00058070300420902756 	0.00049286098457208588 	0.00058377607635311799 	-3.0730721697959679e-06 
136000 	0.00053454956973021694 	0.00044619813447611143 	0.00052843951503975543 	6.1100547104403398e-06 
138000 	0.00048068353814214503 	0.00047801787776069558 	0.00048133155608314404 	-6.4801793518904116e-07 
140000 	0.00030045810935405373 	0.00027840585879269051 	0.00030165400194593679 	-1.1958925921698874e-06 
142000 	0.0004298434156749096 	0.0004025057108235226 	0.00042928437984875872 	5.5903582595286453e-07 
144000 	0.00046624615950740633 	0.00036569807345631603 	0.00046532533313837425 	9.2082636925804867e-07 
146000 	0.00038971802419520427 	0.00034347839998017391 	0.00039231650467984514 	-2.5984804851393835e-06 
148000 	0.00085184567981073651 	0.0006240560415687543 	0.00084398645626634244 	7.8592235449950917e-06 
150000 	0.00067150614784439709 	0.00076201575896528678 	0.00066929256085747552 	2.2135869877578673e-06 
152000 	0.00075299273044825555 	0.00072649239149656262 	0.00075481954446662239 	-1.8268140221409936e-06 
154000 	0.00039793773043496117 	0.00036614785109823149 	0.00039607828472890198 	1.8594457085849107e-06 
156000 	0.00049245675198659458 	0.00044206904480754695 	0.00050079014626086202 	-8.3333942738778027e-06 
158000 	0.00038463883693563616 	0.00033413190864199974 	0.00038240297146846053 	2.2358654597522756e-06 
160000 	0.00037773205180988611 	0.00046305619894481656 	0.00037701893626378342 	7.1311555063457969e-07 
162000 	0.00089698448801460982 	0.00074047400088331715 	0.00089895779813680451 	-1.9733101294369915e-06 
164000 	0.0006710547422723892 	0.00054515429646963341 	0.00067570238793303252 	-4.647645648443347e-06 
166000 	0.00059579147997739315 	0.0008106752720681838 	0.00059595108495197856 	-1.596049707250839e-07 
168000 	0.00060724043208371375 	0.00053439297033446085 	0.00060893728312896519 	-1.6968510329016003e-06 
170000 	0.00020636081092867187 	0.00014867196910976091 	0.00021062017578734151 	-4.259364882588652e-06 
172000 	0.00025153409524067172 	0.00011405714505680313 	0.00024407575444246587 	7.4583408031426456e-06 
174000 	0.00035008229361231712 	0.00032526368852918739 	0.00034284617285550693 	7.2361207572719669e-06 
176000 	0.00039856635123327065 	0.00031990340854631756 	0.00039786320949208387 	7.0314174122193258e-07 
178000 	0.00071905224400128985 	0.00052605399882165609 	0.00071389351134807158 	5.158732653257e-06 
180000 	0.00049810323903719223 	0.00036050817094231775 	0.00049788966757012478 	2.1357146666347683e-07 
182000 	0.00014364473462948979 	0.00014002686885264507 	0.00014338338856489016 	2.6134606246713047e-07 
184000 	0.0002946971503115634 	0.00039580393274188386 	0.00029470846180349093 	-1.1311489177073645e-08 
186000 	0.000170254507326149 	0.00011596161621094857 	0.00016540757163814959 	4.8469356883866748e-06 
188000 	0.00041365834120824727 	0.00032433815120974028 	0.00041994191710754465 	-6.2835759001181642e-06 
190000 	0.00016565255256327304 	0.00023945793077073414 	0.00017178023227318627 	-6.1276797093828765e-06 
192000 	0.00037228470828991079 	0.00041887390971403728 	0.00036719502484592914 	5.0896834435421307e-06 
194000 	0.00036985509707697871 	0.00069441303672717572 	0.00037102417964613701 	-1.1690825667980469e-06 
196000 	0.00082899568681364146 	0.00060092324089762049 	0.00083548341692388814 	-6.4877301126237437e-06 
198000 	0.00054433180157687389 	0.00091140625107628468 	0.00054177152815579734 	2.5602734403227768e-06 
200000 	0.00063949739087433956 	0.00068057293739079015 	0.00064439656685482392 	-4.8991760003271426e-06 
202000 	0.00087726530970321903 	0.00075598591494094021 	0.00088371217593828178 	-6.4468662346373137e-06 
204000 	-9.2100181965832917e-06 	0.00032290572365512596 	-4.8125277606686732e-06 	-4.3974904383200049e-06 
206000 	0.00064155210011195148 	0.00043189796887594794 	0.00063519241679028515 	6.3596833247159982e-06 
208000 	0.0001989077777089392 	0.00046063714774466526 	0.00020149237917103401 	-2.5846014627973115e-06 
210000 	0.00053775115754905295 	0.00062963244690391316 	0.00054301351741512633 	-5.262359866345662e-06 
212000 	0.00038585678038478475 	0.00039303232008287213 	0.00038711632645103218 	-1.2595460649645848e-06 
214000 	0.00049281232722344726 	0.00035512098841807054 	0.00048298790604862294 	9.8244211841256024e-06 
216000 	0.00030880006886997079 	0.00038166766859026613 	0.00030525841782237071 	3.5416510235724403e-06 
218000 	0.00013591451346397322 	0.00033572455257967085 	0.00013607894547535269 	-1.644319891551752e-07 
220000 	0.00047010507000540258 	0.00044876499551515348 	0.00047105139496923088 	-9.4632497161747802e-07 
222000 	0.00051435680176128073 	0.0003975715171974686 	0.00051594809765400642 	-1.5912958929555375e-06 
224000 	0.00036538762738742034 	0.0002774355445418847 	0.00036506861143187802 	3.1901595416716761e-07 
226000 	0.00082108808782955123 	0.00061608004785751848 	0.00081404393084170284 	7.0441569899080447e-06 
228000 	0.00050312219212243292 	0.00037070532031315668 	0.00050868715521528492 	-5.5649630976098311e-06 
230000 	2.9723178051099807e-05 	0.00036669143648967512 	2.5886855444056401e-05 	3.8363226630017827e-06 
232000 	0.0011174783654643789 	0.00061869261539485856 	0.0011179410294919613 	-4.6266407916293109e-07 
234000 	0.00032822940835356464 	0.00018538342221916868 	0.00032544815599552492 	2.781252368224686e-06 
236000 	0.0001126649353985556 	0.0001352957036450464 	0.00012206586252282915 	-9.4009271372155027e-06 
238000 	0.000562464584280491 	0.0003088937072380031 	0.00056236280937744338 	1.0177490267309523e-07 
240000 	0.00029765493038462411 	0.00038659283325506776 	0.00029160112154868258 	6.0538088387812139e-06 
242000 	0.00019963457286766584 	0.00019620473487722809 	0.00020600909630297373 	-6.3745234347540226e-06 
244000 	0.00037359325994106029 	0.00050630919471051662 	0.00037914725478192937 	-5.5539948412233074e-06 
246000 	3.3070733774991371e-05 	7.6622213169304934e-05 	2.9630558060793942e-05 	3.4401757146040441e-06 
248000 	0.00031313080462962259 	0.00054276797284996648 	0.00032269894688078445 	-9.568142250705285e-06 
250000 	0.00050334105965688992 	0.00053007748320345739 	0.00050401409508600515 	-6.7303542999936678e-07 
