1
1.4142135623730951
2
2.2360679774997898
2.8284271247461903
3
3.1622776601683795
3.6055512754639891
4
4.1231056256176606
4.2426406871192848
4.4721359549995796
5
5.0990195135927845
5.3851648071345037
5.6568542494923806
5.8309518948453007
6
6.0827625302982193
6.324555320336759
6.4031242374328485
6.7082039324993694
7
7.0710678118654755
7.2111025509279782
7.2801098892805181
7.6157731058639087
7.810249675906654
8
8.0622577482985491
8.2462112512353212
8.4852813742385695
8.5440037453175304
8.6023252670426267
8.9442719099991592
9
9.0553851381374173
9.2195444572928871
9.4339811320566032
9.4868329805051381
9.8488578017961039
9.8994949366116654
10
10.04987562112089
10.198039027185569
10.295630140987001
10.440306508910551
10.63014581273465
10.770329614269007
10.816653826391969
11
11.045361017187261
11.180339887498949
11.313708498984761
11.401754250991379
11.661903789690601
11.704699910719626
12
12.041594578792296
12.083045973594572
12.165525060596439
12.206555615733702
12.369316876852981
12.529964086141668
12.649110640673518
12.727922061357855
12.806248474865697
13
13.038404810405298
13.152946437965905
13.341664064126334
13.416407864998739
13.45362404707371
13.601470508735444
13.892443989449804
13.928388277184119
14
14.035668847618199
14.142135623730951
14.212670403551895
14.317821063276353
14.422205101855956
14.560219778561036
14.7648230602334
14.866068747318506
15
15.033296378372908
15.132745950421556
15.231546211727817
15.264337522473747
15.297058540778355
15.524174696260024
15.556349186104045
15.620499351813308
15.652475842498529
15.811388300841896
16
16.031219541881399
16.124515496597098
16.15549442140351
16.278820596099706
16.401219466856727
16.492422502470642
16.552945357246848
16.643316977093239
16.763054614240211
16.970562748477139
17
17.029386365926403
17.088007490635061
17.11724276862369
17.204650534085253
17.262676501632068
17.464249196572979
17.4928556845359
17.691806012954132
17.720045146669349
17.804493814764857
17.888543819998318
18
18.027756377319946
18.110770276274835
18.248287590894659
18.357559750685819
18.384776310850235
18.439088914585774
18.601075237738275
18.681541692269406
18.788294228055936
18.867962264113206
18.973665961010276
19
19.026297590440446
19.104973174542799
19.209372712298546
19.235384061671343
19.313207915827967
19.416487838947599
19.646882704388499
19.697715603592208
19.723082923316021
19.798989873223331
19.849433241279208
19.924858845171276
20
20.024984394500787
20.09975124224178
20.124611797498108
20.223748416156685
20.248456731316587
20.396078054371138
20.518284528683193
20.591260281974002
20.615528128088304
20.808652046684813
20.880613017821101
21
21.023796041628639
21.095023109728988
21.189620100417091
21.213203435596427
21.2602916254693
21.377558326431949
21.400934559032695
21.470910553583888
21.540659228538015
21.587033144922902
21.633307652783937
21.840329667841555
21.931712199461309
21.95449840010015
22
22.022715545545239
22.090722034374522
22.135943621178654
22.203603311174518
22.360679774997898
22.472205054244231
22.561028345356956
22.627416997969522
22.671568097509269
22.803508501982758
22.825424421026653
22.847319317591726
23
23.021728866442675
23.086792761230392
23.194827009486403
23.259406699226016
23.323807579381203
23.345235059857504
23.409399821439251
23.430749027719962
23.53720459187964
23.600847442411894
23.706539182259394
23.769728648009426
23.853720883753127
24
24.020824298928627
24.041630560342615
24.083189157584592
24.166091947189145
24.186773244895647
24.207436873820409
24.331050121192877
24.351591323771842
24.413111231467404
24.515301344262525
24.596747752497688
24.698178070456937
24.738633753705962
24.758836806279895
24.839484696748443
25
25.019992006393608
25.059928172283335
25.079872407968907
25.179356624028344
25.238858928247925
25.298221281347036
25.317977802344327
25.45584412271571
25.495097567963924
25.553864678361276
25.612496949731394
25.632011235952593
25.709920264364882
25.80697580112788
25.942243542145693
25.96150997149434
26
26.019223662515376
26.076809620810597
26.172504656604801
26.248809496813376
26.305892875931811
26.40075756488817
26.419689627245813
26.476404589747453
26.570660511172846
26.627053911388696
26.683328128252668
26.832815729997478
26.870057685088806
26.90724809414742
26.92582403567252
27
27.018512172212592
27.073972741361768
27.166155414412248
27.202941017470888
27.294688127912362
27.313000567495326
27.459060435491963
27.513632984395208
27.586228448267445
27.658633371878661
27.730849247724095
27.784887978899608
27.802877548915689
27.856776554368238
27.892651361962706
28
28.0178514522438
28.071337695236398
28.160255680657446
28.178005607210743
28.231188426986208
28.284271247461902
28.301943396169811
28.319604517012593
28.42534080710379
28.442925306655784
28.460498941515414
28.600699292150182
28.635642126552707
28.653097563788805
28.792360097775937
28.844410203711913
28.861739379323623
29
29.017236257093817
29.068883707497267
29.120439557122072
29.154759474226502
29.206163733020468
29.274562336608895
29.410882339705484
29.427877939124322
29.529646120466801
29.546573405388315
29.614185789921695
29.681644159311659
29.698484809834994
29.732137494637012
29.832867780352597
29.966648127543394
30
30.016662039607269
30.066592756745816
30.083217912982647
30.14962686336267
30.232432915661949
30.265491900843113
30.364452901377952
30.413812651491099
30.463092423455635
30.479501308256342
30.528675044947494
30.594117081556711
30.610455730027933
30.675723300355934
30.805843601498726
30.870698080866262
30.886890422961002
31
31.016124838541646
31.048349392520048
31.064449134018133
31.11269837220809
31.144823004794873
31.240998703626616
31.256999216175569
31.304951684997057
31.32091952673165
31.384709652950431
31.400636936215164
31.575306807693888
31.622776601683793
31.76476034853718
31.780497164141408
31.827660925679098
31.89043743820395
31.906112267087632
31.953090617340916
32
32.015621187164243
32.062439083762797
32.140317359976393
32.202484376209235
32.249030993194197
32.280024783137947
32.310988842807021
32.388269481403292
32.449961479175904
32.526911934581186
32.557641192199412
32.572994949804659
32.649655434629018
32.695565448543633
32.756678708318397
32.802438933713454
32.893768406797051
32.984845004941285
33
33.015148038438355
33.060550509633082
33.105890714493697
33.120990323358392
33.136083051561783
33.241540277189323
33.286633954186478
33.301651610693426
33.376638536557273
33.421549934136806
33.526109228480422
33.541019662496844
33.600595232822883
33.61547262794322
33.734255586865999
33.837848631377263
33.941125496954278
33.955853692699293
33.97057550292606
34
34.014702703389901
34.058772731852805
34.132096331752024
34.176014981270121
34.205262752974143
34.23448553724738
34.365680554879162
34.409301068170507
34.438350715445125
34.481879299133332
34.525353003264136
34.539832078341085
34.655446902326915
34.669871646719429
34.713109915419565
34.785054261852174
34.828149534535996
34.885527085024819
34.928498393145958
34.985711369071801
35
35.014282800023196
35.057096285916209
35.114099732158877
35.128336140500593
35.171010790137949
35.227829907617071
35.341194094144583
35.355339059327378
35.383612025908263
35.440090293338699
35.468295701936398
35.510561809129406
35.608987629529715
35.693136595149497
35.735136770411273
35.777087639996637
35.805027579936315
35.846896657869841
35.902646142032481
36
36.013886210738214
36.055512754639892
36.069377593742864
36.124783736376884
36.138621999185304
36.221540552549669
36.235341863986875
36.249137920783717
36.345563690772494
36.359317925395686
36.400549446402593
36.496575181789318
36.61966684720111
36.674241641784498
36.687872655688281
36.715119501371639
36.76955262170047
36.796738985948195
36.878177829171548
36.891733491393431
37
37.013511046643494
37.054014627297811
37.107950630558946
37.12142238654117
37.161808352124091
37.20215047547655
37.215588131856791
37.336309405188942
37.363083384538811
37.443290453698111
37.483329627982627
37.536648758246919
37.576588456111871
37.589892258425003
37.643060449437421
37.656340767525464
37.696153649941529
37.735924528226413
37.802116342871599
37.8549864614954
37.947331922020552
38
38.013155617496423
38.052595180880893
38.078865529319543
38.118237105091836
38.183766184073569
38.209946349085598
38.275318418009277
38.288379438153292
38.327535793473601
38.418745424597091
38.470768123342687
38.483762809787713
38.587562763149478
38.600518131237564
38.626415831655933
38.639358172723313
38.832975677895199
38.897300677553446
38.910152916687437
38.948684188300895
39
39.012818406262319
39.05124837953327
39.11521443121589
39.204591567825318
39.217343102255157
39.293765408776999
39.319206502675002
39.357337308308857
39.395431207184416
39.408120990476064
39.446165846632042
39.45883931389772
39.560080889704963
39.597979746446661
39.623225512317902
39.66106403010388
39.698866482558415
39.812058474788763
39.824615503479755
39.849717690342551
39.924929555354261
39.962482405376171
40
40.01249804748511
40.024992192379003
40.049968789001575
40.11234224026316
40.162171256046406
40.19950248448356
40.224370722237531
40.249223594996216
40.26164427839479
40.311288741492746
40.36087214122113
40.447496832313369
40.459856648287818
40.496913462633174
40.521599178709621
40.607881008493905
40.70626487409524
40.718546143004666
40.792156108742276
40.80441152620633
40.8166632639171
40.853396431630991
41
41.012193308819754
41.036569057366385
41.048751503547585
41.109609582188931
41.146081222881968
41.182520563948003
41.194659848091959
41.231056256176608
41.303752856126764
41.340053217188775
41.400483088968905
41.43669871020132
41.484937025383083
41.593268686170845
41.617304093369626
41.629316592997299
41.677331968349414
41.725292090050132
41.761226035642203
41.773197148410844
41.785164831552358
41.868842830916641
41.880783182743848
41.976183723630712
42
42.01190307520001
42.047592083257278
42.059481689626182
42.107006542854599
42.154477816715982
42.190046219457976
42.201895692018383
42.296571965113202
42.379240200834182
42.426406871192853
42.43819034784589
42.449970553582247
42.485291572496003
42.5205832509386
42.544094772365298
42.579337712087536
42.638011210655684
42.720018726587654
42.755116652863897
42.80186911806539
42.941821107167776
42.953463189829058
43
43.011626335213137
43.046486500061768
43.08131845707603
43.104524124504614
43.139309220245984
43.174066289845804
43.185645763378368
43.266615305567875
43.278170016764804
43.289721643826724
43.324358044868937
43.382023926967726
43.416586692184822
43.46262762420146
43.56604182158393
43.600458713183279
43.657759905886145
43.68065933568311
43.737855457258078
43.829214001622255
43.840620433565945
43.863424398922618
43.908996800200299
43.931765272977593
43.965895873961216
44
44.011362169330773
44.045431091090478
44.10215414239989
44.147480109288232
44.181444068749045
44.204072210600685
44.271887242357309
44.283179650969061
44.294469180700204
44.384682042344295
44.407206622349037
44.418464629025621
44.553338819890925
44.598206241955516
44.643028571099428
44.654227123532216
44.687805943008662
44.721359549995796
44.77722635447622
44.82186966202994
44.911023145771239
44.922154890432402
44.944410108488462
45
45.011109739707599
45.044422518220834
45.099889135118723
45.122056690713912
45.177427992306072
45.188494110780013
45.221676218380054
45.254833995939045
45.276925690687087
45.310043036836767
45.343136195018538
45.354161881794269
45.398237851264668
45.453272709454048
45.486261662176638
45.541190146942803
45.607017003965517
45.617978911828175
45.650848842053307
45.694638635183452
45.705579528105758
45.793012567421243
45.803929962395145
45.880278987817846
45.891175622335062
45.967379738244816
46
46.010868281309364
46.043457732885351
46.065171225124082
46.097722286464439
46.141087980237309
46.173585522460783
46.227697325304881
46.238512086787566
46.270941205037097
46.324939287601879
46.389654018972806
46.400431032480725
46.486557196677836
46.518813398452032
46.529560496527367
46.572524088780071
46.61544808322666
46.647615158762406
46.669047558312137
46.690470119715009
46.75467891024384
46.818799642878503
46.840153714521477
46.861498055439924
46.872166581031863
46.957427527495582
47
47.010637094172637
47.042533945356304
47.074409183759279
47.095647357266465
47.127486671792717
47.169905660283021
47.201694884823787
47.265209192385896
47.296934361541872
47.381430961928537
47.413078364518789
47.423622805517503
47.434164902525687
47.507894080878813
47.518417482066887
47.539457296018853
47.634021455258214
47.675989764240867
47.707441767506253
47.75981574503821
47.801673610868477
47.853944456021594
47.885279575251516
47.927027865287037
48
48.010415536631214
48.020828814171878
48.041648597857254
48.052055106935853
48.083261120685229
48.093658625644196
48.104053883222775
48.166378315169183
48.259714048054619
48.270073544588683
48.301138702933287
48.332183894378289
48.373546489791295
48.383881613611777
48.414873747640819
48.466483264210538
48.507731342539614
48.548944375753422
48.60041152089147
48.662100242385755
48.703182647543684
48.754486972995622
48.764741360946438
48.795491595023407
48.826222462934808
48.836461788299118
48.846698967279252
48.877397639399746
48.918299234540036
49
49.010203019371382
49.03060268852505
49.040799340956916
49.091750834534309
49.162994213127419
49.193495504995376
49.203658400570177
49.244289008980523
49.254441424099006
49.33558553417604
49.365980188789933
49.396356140913873
49.406477308142499
49.477267507411923
49.497474683058329
49.51767361255979
49.578221024962161
49.648766349225639
49.658836071740545
49.678969393496885
49.729267036625423
49.739320461783549
49.769468552517218
49.819674828324601
49.929950931279713
49.979995998399197
50
50.009999000199947
50.039984012787215
50.089919145472777
50.119856344566671
50.159744815937813
50.209560842532767
50.219518117958877
50.24937810560445
50.289163842720633
50.328918128646478
50.358713248056688
50.447993022517757
50.47771785649585
50.487622245457352
50.537115073973112
50.566787519082126
50.596442562694072
50.606323715519977
50.635955604688654
50.695167422546305
50.774009099144415
50.803543183522152
50.911688245431421
50.921508225896062
50.931326312987373
50.960769224963627
50.990195135927848
51
51.009802979427398
51.039200620699383
51.078371156488537
51.088159097779204
51.107729356722551
51.156622249714651
51.195702944680818
51.224993899462788
51.244511901275828
51.264022471905186
51.312766442669997
51.35172830587107
51.400389103585589
51.419840528729765
51.429563482495162
51.478150704935004
51.546095875439491
51.61395160225576
51.623637996561229
51.662365412357957
51.739733281106119
51.788029504896208
51.855568649856693
51.86520991955976
51.884487084291386
51.894122981316485
51.923019942988681
51.97114584074513
52
52.009614495783374
52.038447325030752
52.086466572421671
52.153619241621193
52.172789842982326
52.201532544552748
52.239831546435909
52.32590180780452
52.345009313209601
52.354560450833695
52.392747589718944
52.40229002629561
52.430906915673319
52.469038489379621
52.478567053607705
52.497618993626752
52.55473337388365
52.611785751863621
52.630789467763066
52.697248505021591
52.773099207835045
52.801515129776341
52.810983706043572
52.839379254491625
52.886671288709408
52.924474489596967
52.952809179494906
53
53.009433122794285
53.037722424704477
53.075418038862395
53.084837759947987
53.141321022345693
53.150729063673246
53.160135440008048
53.225933528685054
53.235326616824658
53.254107822777392
53.263495942343098
53.310411741047361
53.338541412378348
53.366656256505337
53.413481444294568
53.450912059571067
53.460265618494638
53.488316481265329
53.535035257296691
53.600373133029585
53.665631459994955
53.712196007983138
53.740115370177612
53.758720222862451
53.814496188294839
53.823786563191554
53.851648071345039
53.907327887774215
53.9351462406472
54
54.009258465563107
54.037024344425184
54.083269131959838
54.120236510939236
54.12947441089743
54.147945482723536
54.203320931470607
54.230987451824994
54.332310828824497
54.341512676774101
54.378304497290095
54.405882034941776
54.42425929675111
54.451813560247928
54.488530903301111
54.561891462814962
54.571054598569013
54.589376255824725
54.626001134990652
54.644304369257
54.671747731346578
54.708317466359723
54.74486277268398
54.78138369920935
54.817880294662984
54.918120870983927
55
55.009090157900268
55.027265968790417
55.036351623268054
55.072679252057455
55.081757415681643
55.108982933819419
55.145262715848951
55.154328932550705
55.172456896534889
55.21775076911409
55.226805085936306
55.317266743757322
55.326304774492215
55.362442142665635
55.443665102516448
55.461698495448189
55.470712993434653
55.542776307995261
55.569775957799216
55.578772926361012
55.605755097831377
55.659680200302986
55.713553108736477
55.731499172371095
55.758407437802596
55.785302723925412
55.803225713214822
55.865910893853687
55.901699437494742
55.946402922797461
55.97320787662612
56
56.008927859761783
56.0357029044876
56.044625076808217
56.080299571239813
56.089214649520635
56.142675390472796
56.222771187482387
56.293871780150276
56.302753041036986
56.320511361314892
56.356011214421486
56.36488268416781
56.400354608814297
56.435804238089851
56.462376853972415
56.515484603779164
56.568542494923804
56.586217403180434
56.603886792339623
56.612719418872643
56.639209034025185
56.648036153074187
56.718603649948932
56.727418414731339
56.753854494650845
56.797887284651708
56.824290580701486
56.850681614207581
56.859475903318
56.885850613311568
56.920997883030829
56.938563381947034
57
57.008771254956898
57.035076926396798
57.070132293521098
57.078892771321343
57.140178508646613
57.201398584300364
57.218878003679869
57.245087125446844
57.271284253105414
57.280013966478741
57.30619512757761
57.314919523628397
57.384666941614292
57.428216061444921
57.454329688892898
57.489129407219238
57.55866572463264
57.56735185849702
57.584720195551874
57.628118136895637
57.688820407423826
57.697486947006624
57.706152185014034
57.723478758647246
57.77542730261716
57.801384066473702
57.870545184921149
57.9396237474839
57.974132162542979
57.982756057296896
58
58.008620049092706
58.034472514187634
58.051701094799967
58.077534382926416
58.137767414994535
58.180752831155424
58.189346103904619
58.215118311311535
58.240879114244144
58.249463516842795
58.258046654518033
58.309518948453004
58.412327466040935
58.420886675914119
58.463663928973865
58.523499553598128
58.54912467321779
58.591808301161009
58.600341295934449
58.668560575490517
58.694122363316758
58.728187440104094
58.796258384356399
58.821764679410968
58.830264320330912
58.855755878248644
58.872744118140105
58.898217290508889
58.940648113165501
59
59.008473967727717
59.033888572581766
59.059292240933601
59.076221950967721
59.093146810776631
59.135437767890075
59.169248769948062
59.203040462462738
59.211485372349848
59.22837157984339
59.236812878479547
59.304300012730948
59.363288318623319
59.396969619669989
59.405386961116584
59.413803110051795
59.439044406854322
59.464274989274024
59.481089431852205
59.506302187247357
59.539902586416787
59.548299723837623
59.615434243155519
59.640590204993778
59.665735560705194
59.682493245507096
59.774576535513823
59.808026217222718
59.816385714952723
59.841457201508724
59.908263203000637
59.933296255086788
59.941638282582836
60
60.00833275470999
60.016664352494629
60.033324079214538
60.074953183502359
60.083275543199207
60.108235708594876
60.133185513491632
60.141499815019579
60.166435825965294
60.207972893961475
60.21627686929839
60.29925372672534
60.307545133258408
60.373835392494321
60.406953242155822
60.415229867972862
60.440052945046304
60.464865831323898
60.530983801686226
60.539243470661241
60.605280298007038
60.638271743182131
60.671245248470051
60.728905802755904
60.745370193949761
60.802960454241045
60.811183182043088
60.827625302982199
60.835844697020519
60.876925020897694
60.901559914340453
60.926184846911269
60.959002616512684
61
61.008196170678573
61.032778078668514
61.057350089894989
61.073725938409879
61.098281481560512
61.1310068623117
61.188234163113421
61.204574992397426
61.220911460055866
61.26989472816156
61.294371682887821
61.326992425847855
61.351446600711867
61.392181912683313
61.400325732035007
61.465437442517235
61.522353661088097
61.554853586049575
61.587336360651285
61.611687202997452
61.619802012015583
61.660360037871982
61.684682053164543
61.71709649683789
61.741396161732524
61.773780845922005
61.814237842102365
61.846584384264908
61.854668376768458
61.911226768656427
61.98386886924694
62
62.008063991709982
62.032249677083293
62.072538211353979
62.096698785040097
62.128898268036266
62.169124169478209
62.177166226839255
62.201286160335947
62.22539674441618
62.241465278381739
62.265560304232388
62.289646009589745
62.297672508690084
62.361847310675458
62.369864518050704
62.393909959225986
62.425956140054431
62.433965115151864
62.481997407253232
62.513998432351137
62.585940913275401
62.609903369994115
62.625873247404705
62.641839053463301
62.649820430708338
62.681735776859277
62.769419305900861
62.801273872430329
62.81719509815764
62.936475910238251
62.968245965724662
63
63.007936008093459
63.031738037277698
63.063460101710248
63.071388124885914
63.126856408346519
63.134776470658387
63.150613615387776
63.158530698552511
63.198101237299845
63.245553203367585
63.253458403473878
63.28506932918696
63.324560795950255
63.348243858847418
63.387695966961914
63.411355449950761
63.505905237229712
63.513778032801667
63.529520697074361
63.560994328282817
63.56886030125127
63.600314464631381
63.631753079732135
63.63961030678928
63.655321851358195
63.694583757176716
63.702433234531945
63.7808748764079
63.788713735268246
63.812224534175265
63.820059542435402
63.890531379853151
63.906181234681831
63.953107821277925
63.976558206893252
64
64.007812023221035
64.031242374328485
64.070273918565391
64.078077374403179
64.124878167525594
64.132674979295857
64.140470843298303
64.195015382816138
64.202803677098089
64.257295305669373
64.280634719952786
64.288412641781719
64.327288144301562
64.350602172784676
64.381674411279491
64.404968752418469
64.41273166075166
64.443773942872099
64.474801279259481
64.498061986388393
64.513564465157245
64.536811201050213
64.560049566275893
64.621977685614041
64.629714528226103
64.637450444769243
64.660652641308843
64.76109943476871
64.776538962806583
64.815121692395209
64.845971347493901
64.884512790033341
64.899922958351809
64.938432380216881
65
65.007691852580024
65.030761951556428
65.053823869162372
65.069193939989759
65.115282384398824
65.12296062065974
65.145989899609319
65.192024052026483
65.215028942721474
65.253352404301808
65.276335681470357
65.299310869258036
65.30696746902278
65.36818798161687
65.375836514724611
65.391130897087265
65.436992595931542
65.459911396212561
65.490457320131767
65.513357416636794
65.520989003524662
65.551506466289538
65.604877867426907
65.620118866091673
65.73431371817918
65.741919655574407
65.76473218982953
65.787536813594102
65.79513659838392
65.80273550544841
65.855903304107827
65.863495200300449
65.924198895398035
65.946948375190189
65.969690009882569
66
66.007575322836999
66.030296076876709
66.037867924396224
66.068146636635717
66.098411478642959
66.121101019266163
66.128662469461759
66.189122973491649
66.211781428987393
66.219332524573218
66.241980646716783
66.272166103123567
66.2872536767062
66.309878600401618
66.370174024180471
66.400301204136113
66.407830863535963
66.468037431535464
66.483080554378645
66.490600839517157
66.528189513919585
66.573267908372955
66.603303221386852
66.610809933523555
66.640828326184547
66.648330811806531
66.708320320631671
66.730802482811484
66.753277073114546
66.760766921898067
66.843099868273612
66.850579653433073
66.887966032762577
66.91038783328041
66.940271884718243
67
67.007462271003817
67.029844099475568
67.052218456960844
67.067130548428864
67.082039324993687
67.119296778199342
67.178865724273734
67.186308128963304
67.201190465645766
67.208630398186216
67.230945255886439
67.268120235368556
67.357256476195644
67.36467917239716
67.416615162732697
67.424031324150292
67.446274915668994
67.468511173731997
67.475921631349351
67.53517601961218
67.542579163073128
67.601775124622279
67.623960250786851
67.675697262754525
67.683085036070864
67.720011813348052
67.742158217759794
67.779052811322174
67.801179930735714
67.882250993908556
67.896980787071826
67.911707385398586
67.94115100585212
67.955868032128024
67.97793759742936
68
68.007352543677214
68.01470429252781
68.029405406779802
68.066144300966542
68.095521144932874
68.117545463705611
68.154236845554948
68.183575734923139
68.24221567329127
68.249542123006222
68.264192663504048
68.308125431752259
68.352029962540243
68.359344642850402
68.410525505948286
68.425141578224014
68.447059834590405
68.46897107449476
68.47627326307996
68.505474233815804
68.541957952775178
68.593002558570063
68.600291544569984
68.622153857191051
68.658575575087482
68.680419334771102
68.709533545207535
68.731361109758325
68.767724987816777
68.796802251267465
68.818602136341013
68.87670143089025
68.8839603971781
68.942004612572731
68.949256703752795
68.963758598266665
69
69.007245996344466
69.028979421689272
69.050706006528273
69.06518659932803
69.079664156682171
69.115844782509896
69.123078635141823
69.18092222571191
69.202601107183824
69.231495722683903
69.260378283691168
69.289248805280025
69.296464556281663
69.31089380465383
69.318107302493488
69.339743293438858
69.354163537598808
69.375788283809797
69.404610797842537
69.426219830839131
69.462219947249025
69.526973183074787
69.570108523704349
69.584481028459209
69.634761434214738
69.641941385920603
69.656299069071991
69.72087205421343
69.771054170049638
69.778220097678044
69.814038702828242
69.835521047673154
69.856996786291916
69.871310278253688
69.892775020026207
69.921384425653358
69.971422738143602
70
70.007142492748557
70.028565600046392
70.035705179572517
70.064256222413434
70.092795635500224
70.114192571832419
70.178344238091
70.213958726167832
70.228199464317754
70.235318750611498
70.256672281001187
70.263788682364691
70.292247083159893
70.327803890068964
70.342021580275897
70.34912934784623
70.384657419071104
70.405965656327737
70.434366611761334
70.455659815234142
70.49113419430843
70.51950084905593
70.576199954375554
70.604532432415411
70.611613775638915
70.661163307718056
70.682388188289167
70.710678118654755
70.724818840347695
70.767224051816527
70.774289116881988
70.802542327235685
70.83078426785913
70.837842993699354
70.859014952227497
70.880180586677398
70.936591403872796
71
71.007041904306931
71.021123618258812
71.028163428319047
71.06335201775947
71.112586790244109
71.119617546778187
71.168813394632338
71.175838597096984
71.196910045310247
71.217975259059429
71.253070109294242
71.28113354878694
71.309185944028272
71.344235926947874
71.386273190298994
71.400280111495363
71.421285342676384
71.449282711584999
71.470273540822546
71.505244562899023
71.512236715124502
71.554175279993274
71.56116265125938
71.568149340331559
71.589105316381762
71.61005515987263
71.693793315739683
71.700767080973407
71.784399419372448
71.805292284064961
71.840100222647237
71.847059786744225
71.867934435323804
72
72.006944109578768
72.013887549555335
72.027772421476428
72.034713853808015
72.062472896785877
72.069410986909006
72.090221250874237
72.111025509279784
72.124891681027847
72.138755187485728
72.17340230306452
72.180329730474355
72.201108024738787
72.235725233432802
72.249567472753768
72.277243998370608
72.339477465627297
72.346388990743691
72.367119605522504
72.401657439591816
72.422372233999624
72.443081105099338
72.449982746719826
72.47068372797375
72.498275841567434
72.532751223154364
72.560319734686942
72.567210226106937
72.615425358528341
72.622310621461224
72.670489196096653
72.691127381544987
72.718635850791372
72.73238618387272
72.780491891715045
72.801098892805186
72.835430938520574
72.862884927787476
72.897187874430387
72.917761896536561
72.945184899347538
72.993150363578636
73
73.006848993775918
73.027392121039071
73.054773971315527
73.061617830431317
73.082145562373853
73.109506905736964
73.16419889536138
73.17103251970687
73.23933369440222
73.246160308919954
73.334848469196416
73.348483283568996
73.355299740373226
73.375745311376562
73.389372527635089
73.409808608931812
73.430239002743278
73.437047870948632
73.498299300051841
73.53910524340094
73.545904032787575
73.552702193733168
73.573092907665639
73.593477971896391
73.600271738628791
73.661387442811588
73.681748079154588
73.736015623303103
73.756355658343097
73.763134423640111
73.783466982786862
73.79024325749306
73.81734213584231
73.824115301166998
73.878278269055514
73.925638313104884
73.979726952726722
74
74.006756448313553
74.027022093286988
74.040529441651074
74.060785845142092
74.094534211370814
74.108029254595621
74.148499647666512
74.168726563154635
74.202425836356596
74.215901261117892
74.242844773082339
74.249579123386283
74.276510418839678
74.303431953039691
74.323616704248181
74.330343736592525
74.4043009509531
74.411020689142546
74.431176263713581
74.464756764525859
74.518454090245328
74.525163535546838
74.545288248151536
74.625732827222535
74.632432628181164
74.652528423356159
74.672618810377884
74.686009399351363
74.706090782479038
74.726166769077622
74.732857566133518
74.793047805260613
74.813100457072352
74.846509604656916
74.886580907396223
74.94664769020693
74.953318805774032
74.966659255965254
75
75.006666370396701
75.026661927610775
75.059976019180823
75.073297516493838
75.106590922501596
75.133215025047349
75.153176912223742
75.166481891864535
75.179784516850006
75.186434946737563
75.213030785895072
75.23961722390672
75.272837066235255
75.286120898874842
75.292761936324268
75.312681535050928
75.325958341065927
75.392307299883058
75.425459892532302
75.432088662584434
75.451971478550519
75.471849056452825
75.504966724050675
75.538069872085032
75.584389922787622
75.591004755857028
75.604232685743199
75.61084578286372
75.643902596309772
75.663729752107784
75.690157880665041
75.709972922990801
75.716576784743779
75.742986473996396
75.769386958058462
75.802374632988901
75.822160349069449
75.894663844041105
75.927597090912869
75.953933407032977
75.960516059331766
76
76.006578662639456
76.026311234992846
76.05918747922567
76.105190361761785
76.118328935940255
76.157731058639087
76.164296097318456
76.216796049164913
76.236474210183673
76.243032468547582
76.275815302099531
76.295478240849903
76.321687612368734
76.367532368147138
76.380625815713245
76.400261779656233
76.419892698171196
76.478755219995577
76.485292703891773
76.53103945458993
76.53757247260981
76.550636836018555
76.557168181692816
76.576758876306585
76.609398901179219
76.655071586947201
76.661594035083823
76.687678280151374
76.694197955256044
76.791926658991954
76.837490849194182
76.843997813752509
76.850504227363402
76.896033707857782
76.902535718921513
76.922038454528746
76.941536246685374
76.967525619575426
77
77.006493232713822
77.025969646606853
77.058419397233934
77.077882690172544
77.103826104804938
77.129760793094647
77.155686763841331
77.1621668954417
77.175125526298956
77.201036262475128
77.233412458598508
77.252831663311866
77.278716345446625
77.317527120310828
77.336925203941234
77.369244535538797
77.388629655783419
77.414468931847622
77.420927403383644
77.466121627457255
77.472575792986262
77.491935064237495
77.52418977325722
77.620873481300123
77.646635471216655
77.665951355790398
77.698133825723247
77.781745930520231
77.794601355106892
77.801028270839709
77.820305833374874
77.826730626437083
77.833154889160184
77.878109889750149
77.884529914483011
77.89736837660179
77.929455278476055
77.935871073594853
77.987178433380961
78
78.006409993025571
78.025636812524638
78.03204469959762
78.057670987546118
78.089692021418557
78.10249675906654
78.108898340714035
78.160092118676531
78.185676437567508
78.230428862431779
78.236819976274603
78.243210568074218
78.262379212492633
78.294316524253531
78.313472659562223
78.339006886735547
78.390050389064044
78.409183135650636
78.434686204510314
78.447434629820748
78.492037812761623
78.517513969814402
78.549347546621931
78.568441501661468
78.587530817553997
78.600254452514335
78.638413005350003
78.644770964127048
78.714674616617714
78.721026416072604
78.746428490440124
78.771822373231913
78.790862414368831
78.816241980952128
78.847954951285828
78.854296014865284
78.87331614684399
78.892331693264083
78.917678627795439
78.924014089502563
79
79.006328860414726
79.025312400521386
79.05694150420949
79.075912893876861
79.101201002260396
79.120161779409926
79.158069708653201
79.177016867270268
79.195959492893323
79.202272694664515
79.208585393251411
79.227520471109031
79.246451024635803
79.259068881737434
79.309520235593411
79.32212806020776
79.378838489864535
79.39773296511683
79.404030124421269
79.429213769242352
79.479557120054466
79.511005527536881
79.555012412795207
79.605276207045478
79.611556949980567
79.624116949577527
79.630396206473819
79.649231006959511
79.699435380685102
79.705708703956702
79.711981533518539
79.755877526361658
79.762146410437069
79.81227975693966
79.831071645068121
79.849859110708522
79.881161734166085
79.906195003891909
79.924964810752343
79.93122043357026
79.981247802219244
80
80.006249755878443
80.02499609497022
80.049984384758005
80.05623023850174
80.062475604992386
80.081208782085696
80.09993757800315
80.112421009478922
80.131142510262507
80.156097709406993
80.212218520621903
80.224684480526321
80.230916734136841
80.262070743284468
80.280757345705197
80.305666051655408
80.324342512092812
80.361682411457764
80.39900496896712
80.411441971898498
80.430093870391573
80.448741444475061
80.454956342042721
80.498447189992433
80.504658250314932
80.523288556789581
80.529497701152962
80.603970125546539
80.610173055266415
80.622577482985491
80.65358020571685
80.65977932030313
80.709355095924295
80.721744282442259
80.752708932889675
80.777472107017559
80.802227692063042
80.808415403347695
80.894993664626739
80.919713296575637
80.950602221354728
80.956778592036386
80.993826925266347
81
81.006172604314543
81.024687595818591
81.043198357419243
81.049367671808525
81.055536516637773
81.09870529176159
81.123362849428275
81.154174261093928
81.21576201698781
81.2219182240853
81.252692263087511
81.271151093115449
81.301906496711382
81.320354155647891
81.344944526380985
81.394102980498531
81.400245699874887
81.412529748190479
81.437092286009332
81.467785044151043
81.492330927517344
81.498466243236749
81.541400527584756
81.565924257621205
81.584312217484552
81.596568555301388
81.60882305241266
81.614949610962825
81.6333265278342
81.688432473637292
81.706792863261981
81.743501270743224
81.786306922369349
81.835200250259064
81.841309862440497
81.859635963031252
81.884064383737083
81.908485518900903
81.93289937503738
81.939001702485982
81.987803971078534
82
82.006097334283623
82.024386617639507
82.03657720797473
82.054859697643749
82.073138114732771
82.079230015881606
82.09750300709517
82.134036793524274
82.152297594163485
82.200973230248309
82.219219164377861
82.225300242686856
82.28000972289685
82.292162445763935
82.29823813423954
82.328609851011095
82.346827504160714
82.365041127896006
82.37718130647589
82.389319696183918
82.419657849326214
82.462112512353215
82.492423894561369
82.540898953185632
82.565125809872058
82.607505712253527
82.619610262939389
82.637763764516279
82.661962231730257
82.680106434377549
82.710337927008865
82.734515167492219
82.758685344802331
82.764726786234249
82.800966177937809
82.807004534640669
82.855295545909442
82.861329943466387
82.87339742040264
82.879430499973878
82.927679335671755
82.969874050766165
82.97590011563598
83
83.006023877788536
83.024092888751269
83.054199171384468
83.096329642168911
83.150466023949619
83.168503653726987
83.186537372341689
83.192547743172284
83.198557679805958
83.21658488546619
83.234608186739251
83.240615086627031
83.258633185994597
83.294657691835198
83.354663936698827
83.360662185469707
83.384650865731871
83.408632646747066
83.432607534464609
83.438600180012614
83.450584180100265
83.486525858967212
83.522452071284405
83.52843827104634
83.546394296821688
83.570329663104715
83.600239234107462
83.630138108220294
83.648072302952684
83.671978583035795
83.677954085888118
83.725742755737912
83.737685661833282
83.74365647617735
83.761566365487695
83.773504164502995
83.815273071201048
83.86298349093002
83.868945385047027
83.93449827097318
83.952367447261423
84
84.005952170069477
84.011903918432893
84.02380615040002
84.053554356731397
84.059502734670033
84.077345343439575
84.095184166514557
84.118963379252364
84.148677945645701
84.15461959987698
84.172442046075858
84.202137740083529
84.214013085709198
84.219950130595535
84.291162051546067
84.308955633431964
84.314885992925355
84.344531535838172
84.380092438915952
84.38601779915912
84.403791384036765
84.433405711246778
84.480767041972342
84.504437753291981
84.528101836016646
84.534016821632221
84.581321815161999
84.593143930226404
84.599054368237475
84.628600366542756
84.64632301523794
84.693565280958623
84.717176534631989
84.723078319900537
84.758480401668365
84.77027781009096
84.811555816409836
84.852813742385706
84.864598037108507
84.876380695691779
84.899941107164494
84.905830188509441
84.929382430346209
84.958813551037778
84.970583144992005
85
85.005882149413637
85.023526155999903
85.0411665018772
85.052924699859673
85.07055894961546
85.088189544730596
85.094065598019228
85.14693182963201
85.158675424175073
85.164546614186818
85.211501571090736
85.234969349440135
85.276022421311367
85.287748240881584
85.328775919967356
85.37564055396598
85.381496824546247
85.422479477008864
85.428332536694171
85.440037453175307
85.445889310135925
85.475142585432408
85.492689745966004
85.510233305727795
85.562842402528915
85.586213843118443
85.603738236130781
85.615419172015976
85.632937588290176
85.702975444263316
85.708809348864477
85.72630868059116
85.755466298073387
85.796270315206598
85.802097876450546
85.84287972802403
85.866174946832231
85.883642214335552
85.906926379658117
85.912746434973201
85.959292691366414
85.982556370463882
85.988371306822643
86
86.005813756978085
86.023252670426274
86.034876648949762
86.05230967266364
86.092973000123536
86.122006479180456
86.127812000537901
86.145226217127089
86.16263691415206
86.209048249009228
86.214847909162373
86.267027304758798
86.278618440491968
86.284413424441851
86.313382508160345
86.330759292386631
86.348132579691608
86.353922898731128
86.371291526756735
86.377080293327808
86.400231481171389
86.406018308911797
86.452298986203942
86.469647854030256
86.49277426467485
86.53323061113575
86.539008545279742
86.556340033529608
86.579443287653447
86.58521813797087
86.608313688698502
86.648716089737874
86.683331731077345
86.700634369074834
86.729464428186105
86.764047853935452
86.769810418140253
86.815897161752588
86.821656284592962
86.833173384369644
86.838931361457924
86.884981440983225
86.92525524840292
86.95401083331349
86.977008456258133
87
87.005746936624831
87.022985469357465
87.045964869142551
87.051708771281454
87.091905479212016
87.097646351666697
87.114866699088736
87.13208364316786
87.143559716137375
87.200917426366559
87.206651122491792
87.235313950257549
87.281154896117187
87.298339044909667
87.31551981177229
87.321245982864909
87.36131867136622
87.367041840730764
87.418533504057365
87.458561616344909
87.464278422679513
87.475710914516156
87.555696559390128
87.572826835725706
87.595661993046207
87.618491199061395
87.641314458421945
87.658428003244509
87.664131775772461
87.681240867131891
87.692645073575008
87.709748602991681
87.726848797845236
87.783825389418979
87.80091115700337
87.817993600400598
87.823687009826685
87.846456957580259
87.863530545955186
87.920418561333065
87.931791747922432
87.965902484996988
87.982952894296517
88
88.0056816347672
88.022724338661547
88.051121514720066
88.056799851005266
88.073832663283142
88.090862182180956
88.102213366067033
88.11923740024082
88.141930997681229
88.192970241397362
88.204308284799779
88.232647019116456
88.238313673823114
88.255311454892052
88.277970071813499
88.283633817372973
88.294960218576463
88.323269867006175
88.362888137498089
88.391176030189797
88.408144421201371
88.41379982785493
88.459030064770658
88.481636512894582
88.509886453435243
88.526832090615329
88.543774484714618
88.549421229051518
88.566359301938121
88.588938361400409
88.600225733346747
88.617154095581284
88.639720216164946
88.645360848721239
88.68483523128404
88.729927307532492
88.75246475450696
88.76936408468859
88.814413244698073
88.836929258051242
88.842557369765089
88.865066252155572
88.887569434651553
88.955044826024348
89
89.005617800226517
89.022469073824283
89.044932477934978
89.050547443572739
89.067390216621931
89.089842294169543
89.095454429504983
89.10667763978185
89.140338792266206
89.157164602739584
89.185200566013194
89.196412483911033
89.202017914394744
89.26925562588724
89.274856482662571
89.286057142198857
89.308454247064432
89.319650693450427
89.358827208060418
89.375611886017325
89.403579346690591
89.442719099991592
89.453898741195175
89.470665583754325
89.493016487321512
89.498603341057787
89.537701556383496
89.554452708952439
89.560035730229586
89.587945617700157
89.627004859026727
89.643739324059879
89.677198885781436
89.693923985964616
89.738509013689324
89.805345052507874
89.810912477270818
89.822046291542478
89.827612681179502
89.844309780864805
89.872131386765275
89.888820216976924
89.894382471876412
89.899944382630181
89.938868127189593
89.944427287075428
89.961102705558247
89.98888820293314
90
90.005555384098372
90.022219479415199
90.027773492406226
90.049986118821806
90.077744199108366
90.088845036441668
90.09439494219383
90.13878188659973
90.199778270237445
90.210864090751286
90.244113381427823
90.249653738947941
90.255193756370602
90.271811768680038
90.338253248554679
90.354855984612144
90.376988221560026
90.426765949026404
90.443352436760108
90.44888059008801
90.470989825468365
90.476516290140168
90.509667991878089
90.520715861066847
90.553851381374173
90.603531939985658
90.609050320594349
90.620086073673534
90.669730340395304
90.686272390037075
90.697298746985851
90.708323763588538
90.735880444287304
90.757919764613376
90.785461391128038
90.796475702529335
90.801982357215081
90.824005637276315
90.87353850269065
90.906545418908095
90.917545061445651
90.934042030473933
90.956033334793133
90.972523324353276
91
91.005494339627646
91.021975368588869
91.049437120720299
91.065910196955699
91.082380293885606
91.087869664407023
91.093358704133863
91.13725912051558
91.18113840043894
91.197587687394446
91.214034007931033
91.219515455849688
91.235957823656349
91.241437954473298
91.263355187062899
91.268833672837076
91.285267157411553
91.301697684106614
91.35097153287424
91.389277270366904
91.39474820797966
91.400218818118816
91.411159056211517
91.4166286842826
91.438503924769023
91.443971917234649
91.482238713315269
91.525952603619487
91.547801721286575
91.586025134842487
91.591484320323147
91.60785992479029
91.662424144247893
91.678787077491378
91.706052144883003
91.760557975635692
91.782351244670124
91.787798753429101
91.809585556193426
91.831367190083796
91.836811791350854
91.923881554251182
91.934759476489631
91.967385523347346
91.983694207180008
92
92.005434622091755
92.021736562618727
92.027169901067808
92.048900047746358
92.070625065761334
92.086915465770701
92.097774131626011
92.114059730314779
92.130342450248165
92.135769384099675
92.17917335276988
92.195444572928878
92.200867674876037
92.22797840135064
92.265920035514739
92.282175960474618
92.309262807152777
92.314679222754165
92.347171044921566
92.357999112150537
92.395887354362259
92.417530804496181
92.439169187092972
92.444577991356525
92.455394650609762
92.477024173575131
92.541882410074194
92.57429448826494
92.590496272565687
92.612094242598786
92.617492948146676
92.633687176966021
92.649878575203758
92.655275079188016
92.660671268883007
92.69843580125827
92.70382947861431
92.720008628127289
92.763139231054481
92.779308037945611
92.784697014108957
92.80086206496145
92.849340331528467
92.892410884851088
92.913938674452936
92.956979296876895
92.962357973536797
92.973114393355672
93
93.005376188691372
93.021502890460766
93.037626796904064
93.048374515624943
93.059120993054734
93.085981758801893
93.107464792034804
93.134311615000414
93.145048177560142
93.150415994776964
93.171884171138231
93.1933474020544
93.214805690941603
93.23089616645332
93.23625904121208
93.263068789312314
93.295230317524812
93.300589494386372
93.338095116624274
93.343451832466528
93.348808240919709
93.380940239430018
93.391648448884339
93.407708461347028
93.434469014384618
93.471920917460551
93.477269964414347
93.493315269060815
93.509357820487679
93.520051325905499
93.536089291780854
93.557468969612472
93.60021367496978
93.605555390692487
93.621578709184348
93.637599285757005
93.648278147545241
93.680307429042955
93.722996110879848
93.744333162063725
93.770997648526702
93.776329636001435
93.813645062965122
93.861600242058515
93.904206508547844
93.914855054991165
93.920178875468508
93.941471140279674
93.962758580194958
93.984041198492847
94
94.005318998448161
94.021274188345274
94.031909477581067
94.047860156411858
94.069123520951337
94.085067890712608
94.111635837445732
94.132884795909661
94.148818367518558
94.154128958851288
94.175368329515976
94.19129471453293
94.201910808645493
94.244363226667303
94.254973343585434
94.260277954183863
94.30270409696638
94.339811320566042
94.36630754670864
94.371605899232208
94.403389769647575
94.413982015377357
94.429868156214212
94.493386011932074
94.51454914456292
94.530418384771792
94.540996398387932
94.556861200020805
94.578010129204984
94.593868723083744
94.62557793746889
94.641428560646744
94.667840368310934
94.70480452437458
94.725920423081661
94.752308678997366
94.762861923857074
94.794514609232536
94.810336989170125
94.826156729037578
94.831429389206193
94.847245611035007
94.868329805051374
94.873600121424715
94.894678459858852
94.921019800674287
94.936821096980069
95
95.005263012108969
95.015788161757627
95.02105029939419
95.036834964133774
95.047356617635614
95.078914592037705
95.084173236138511
95.12623192369179
95.131487952202235
95.189285111298105
95.210293561148106
95.257545632878873
95.268042910516428
95.273291115611201
95.294281045611541
95.336247041720711
95.341491492424225
95.351979528481735
95.383436717283359
95.414883535012507
95.425363504678359
95.44108130150245
95.462034338264544
95.482982777037293
95.509161864189764
95.519631490076421
95.524865872714003
95.566730612698052
95.587656106842587
95.603347221736954
95.634721728041853
95.671312314611839
95.692214939356489
95.707888912043188
95.713112999212385
95.718336801262907
95.75489543621255
95.770559150503033
95.775779819325933
95.801878895979911
95.817534929677663
95.854055730574075
95.859271852022744
95.880133500115647
95.885348202944954
95.900990610107883
95.963534741067136
96
96.005208192055917
96.020831073262428
96.026038135497402
96.041657628343756
96.046863561492728
96.083297195714508
96.104110213871706
96.13012014972206
96.135321292436529
96.150923032490951
96.166522241370458
96.176920308356728
96.187317251288391
96.208107766445551
96.213304693269947
96.254870006665115
96.260064408871031
96.30160954002794
96.317184344227996
96.332756630338366
96.337946833010719
96.384646080171919
96.400207468656419
96.420952079929179
96.426137535421375
96.462427918853464
96.509066931558294
96.519428096109237
96.540147089177367
96.566039579139826
96.602277405866573
96.607453128627711
96.628153247384375
96.648848932617923
96.664367788756579
96.674712308855618
96.690227013902501
96.74709297958259
96.767763227223554
96.772930099279307
96.79876032264049
96.829747495281637
96.834911060009759
96.84007434941384
96.876209669866839
96.881370758262918
96.896852374058057
96.932966528421076
96.938124595021947
97
97.005154502222197
97.015462685079228
97.020616365801345
97.04638066409278
97.061835960381458
97.082439194738001
97.097888751506844
97.123632551506233
97.128780492704635
97.144222679477963
97.164808444209882
97.169954203961623
97.185389848474657
97.20082304178294
97.24710792614863
97.252249331313664
97.267671916212734
97.293370791642332
97.308786859152647
97.324200484771509
97.329337817535773
97.349884437527706
97.406365295087369
97.416631023660429
97.452552557642122
97.49358953285082
97.498717940288842
97.508973945991244
97.514101544340761
97.529482721892876
97.575611707024422
97.580735803743565
97.590983190046813
97.616596949494195
97.621718894926246
97.637083119069061
97.652444925869617
97.672923576598237
97.693397934558504
97.718984849413985
97.739449558507332
97.744565066299216
97.754795278799492
97.8008179924892
97.836598469080073
97.862147942909985
97.867257037274726
97.908120194394499
97.943861471763512
97.948966303887048
97.984692682071525
97.989795387070785
98
98.005101908012932
98.020406038742763
98.030607465219759
98.045907614749524
98.061205377050101
98.081598681913832
98.086696345630884
98.112180691288273
98.127468121826112
98.152941881535071
98.183501669068619
98.229323524088258
98.2344135219425
98.249681933327395
98.270036124955197
98.290386101591849
98.310731865854805
98.325988426254838
98.35141076771599
98.371743910535614
98.386991009990751
98.407316801140354
98.412397592986224
98.432718137822448
98.473346647709704
98.478424032881435
98.488578017961046
98.493654617949886
98.508882848198013
98.595131725658746
98.600202839547947
98.615414616580097
98.655967888415148
98.671171068352081
98.681305220391167
98.716766559688324
98.731960377579867
98.737024463977036
98.762341001011109
98.792712281827747
98.812954616284998
98.838251704489394
98.843310345212544
98.858484714262133
98.883770154661889
98.89893831583835
98.954535014823847
98.979795918156952
98.994949366116657
99
99.005050376230813
99.02019995940222
99.03534722511958
99.040395798886024
99.045444115315064
99.080775128175091
99.085821387320593
99.126182212370111
99.141313285632847
99.156442049924323
99.161484458432753
99.181651528899238
99.201814499534237
99.247166206396045
99.282425433709065
99.297532698451278
99.31767214348109
99.322706366671255
99.327740334712132
99.35793878699377
99.362970970075168
99.368002898317329
99.403219263764285
99.40824915468535
99.458534073250846
99.463561166891665
99.478640923567099
99.488692824863264
99.503768772845987
99.538937105034435
99.569071503153026
99.609236519511583
99.624294225856374
99.639349656649202
99.644367628080218
99.689518004652825
99.704563586628268
99.724620831567975
99.729634512515887
99.744674043279119
99.76472322419383
99.809819156233317
99.824846606443629
99.84988733093293
99.859901862559425
99.864908751773257
99.904954832080278
99.924971853886447
99.929975482834976
99.959991996798394
99.98499887483122
100